3.0,3.0,3.0
2.4,2.8,2.6
3.0,3.0,3.0
2.32,2.36,2.56
2.0,2.6,1.8
2.5,2.0,2.66666666667
3.0,3.0,3.0
3.0,3.0,3.0
2.6,2.6,3.0
2.22222222222,2.33333333333,2.44444444444
3.0,3.0,3.0
2.6,2.2,2.6
1.8,2.2,2.2
3.0,2.8,2.6
2.75,2.75,2.0
2.6,1.8,2.0
2.5,2.5,3.0
1.75,2.0,1.625
2.6,2.8,2.8
2.71428571429,2.57142857143,2.85714285714
2.75,2.5,2.375
3.0,3.0,2.85714285714
3.0,2.75,2.75
2.55555555556,2.44444444444,2.88888888889
2.64705882353,2.58823529412,2.70588235294
2.2,2.6,2.6
2.2,1.8,3.0
3.0,2.0,3.0
2.71428571429,2.71428571429,2.42857142857
2.14285714286,1.71428571429,2.0
2.8,2.8,3.0
3.0,3.0,3.0
2.42857142857,2.28571428571,2.42857142857
3.0,3.0,3.0
2.86666666667,2.86666666667,2.86666666667
3.0,3.0,3.0
2.63636363636,2.72727272727,2.90909090909
2.33333333333,2.83333333333,2.66666666667
2.88888888889,2.77777777778,2.88888888889
2.66666666667,2.5,2.83333333333
2.14285714286,2.71428571429,2.14285714286
2.89655172414,2.96551724138,2.96551724138
2.4,2.6,2.8
2.85714285714,2.85714285714,3.0
2.33333333333,2.0,2.66666666667
2.8,3.0,2.8
2.0,2.57142857143,1.85714285714
2.6,2.6,2.2
2.8,3.0,2.8
3.0,3.0,3.0
1.83333333333,2.16666666667,2.33333333333
2.83333333333,3.0,2.83333333333
3.0,2.8,2.8
2.55555555556,2.33333333333,2.66666666667
2.42857142857,2.42857142857,2.14285714286
2.6,2.2,2.6
2.2,2.6,2.6
3.0,3.0,3.0
2.55555555556,2.44444444444,2.44444444444
2.0,2.4,2.6
2.11111111111,2.33333333333,2.11111111111
3.0,2.83333333333,2.83333333333
2.8,2.8,2.6
3.0,3.0,3.0
2.6,2.8,2.8
3.0,2.57142857143,2.57142857143
3.0,2.0,2.0
3.0,3.0,3.0
3.0,2.8,2.8
2.84615384615,2.76923076923,2.92307692308
3.0,3.0,3.0
3.0,2.8,2.8
3.0,3.0,3.0
3.0,2.85714285714,2.85714285714
3.0,2.66666666667,3.0
3.0,3.0,3.0
3.0,2.4,2.4
3.0,2.8,2.8
3.0,3.0,3.0
2.6,3.0,2.6
2.84615384615,2.76923076923,2.76923076923
2.8,2.86666666667,2.8
2.5,2.8,2.8
2.6,2.4,2.8
3.0,3.0,3.0
2.2,1.8,2.6
1.8,2.6,2.2
2.66666666667,2.55555555556,2.77777777778
2.6,2.6,2.8
2.8,2.4,2.6
2.2,2.6,2.6
3.0,3.0,3.0
2.22222222222,2.33333333333,2.44444444444
2.2,2.2,1.8
2.0,2.2,2.2
2.5,2.5,2.16666666667
2.8,2.6,2.8
3.0,2.4,2.4
2.75,2.625,2.875
2.8,2.8,3.0
1.71428571429,2.0,2.71428571429
1.6,1.8,2.0
2.6,2.6,2.2
2.4,2.6,2.4
2.66666666667,2.5,2.83333333333
2.8,2.8,3.0
2.57142857143,2.71428571429,2.28571428571
2.42857142857,2.28571428571,2.28571428571
2.8,3.0,3.0
2.0,2.0,2.2
2.6,2.8,2.8
2.6,2.8,2.8
2.5,2.5,3.0
2.4,2.2,1.8
2.2,2.0,1.8
2.10714285714,2.03571428571,2.10714285714
2.5,2.83333333333,2.33333333333
2.83333333333,3.0,2.83333333333
2.8,2.8,3.0
2.83333333333,3.0,2.83333333333
2.44444444444,2.44444444444,2.66666666667
2.6,2.6,2.8
2.33333333333,1.77777777778,1.77777777778
2.6,2.8,2.4
3.0,3.0,3.0
2.8,2.8,3.0
2.30769230769,2.38461538462,2.30769230769
2.6,2.6,3.0
2.57142857143,2.28571428571,2.42857142857
2.4,2.4,2.2
2.91891891892,2.91891891892,2.83783783784
2.42857142857,2.71428571429,2.71428571429
3.0,2.83333333333,2.83333333333
2.4,2.4,2.6
2.6,2.6,3.0
2.66666666667,2.77777777778,2.88888888889
2.35714285714,2.35714285714,2.42857142857
2.8,2.8,3.0
2.0,1.88888888889,1.77777777778
3.0,3.0,3.0
2.2,2.8,2.6
2.66666666667,2.66666666667,3.0
2.8,3.0,3.0
2.6,2.2,2.6
1.8,1.8,2.2
3.0,2.75,2.5
2.8,2.8,2.4
1.65,1.5,1.45
2.4,2.4,3.0
2.6,2.6,2.4
2.25,2.5,1.75
2.42857142857,2.42857142857,2.42857142857
3.0,2.6,2.6
2.6,2.6,3.0
3.0,3.0,3.0
2.77777777778,2.77777777778,3.0
3.0,3.0,3.0
2.0,2.4,2.4
2.8,2.4,2.6
2.0,2.57142857143,2.14285714286
2.6,3.0,2.6
2.8,2.8,2.6
2.8,2.6,2.4
1.77777777778,2.33333333333,2.11111111111
3.0,3.0,3.0
2.4,2.6,2.8
1.6,1.4,1.6
3.0,3.0,3.0
3.0,3.0,3.0
2.6,2.6,3.0
2.0,2.19230769231,2.23076923077
2.42857142857,2.71428571429,2.42857142857
3.0,3.0,3.0
3.0,3.0,3.0
2.33333333333,2.33333333333,2.55555555556
2.8,2.8,3.0
2.8,2.8,3.0
2.2,2.2,1.8
2.6,2.6,3.0
2.27777777778,2.25,2.25
2.0,2.4,1.8
2.8,2.8,2.6
2.66666666667,2.55555555556,2.22222222222
2.8,2.8,3.0
2.4,2.6,2.4
1.64705882353,1.82352941176,2.17647058824
2.6,2.6,3.0
3.0,2.71428571429,2.71428571429
2.66666666667,2.66666666667,2.77777777778
2.4,2.6,2.2
2.25,2.08333333333,1.83333333333
2.6,2.4,2.6
2.2,1.8,1.8
2.6,2.2,2.6
2.6,2.2,2.6
2.85714285714,2.85714285714,2.85714285714
2.31578947368,2.05263157895,2.52631578947
2.6,2.6,2.8
2.8,2.8,3.0
3.0,2.83333333333,2.83333333333
3.0,3.0,3.0
2.8,3.0,2.6
3.0,2.8,2.8
1.8,2.2,2.2
3.0,3.0,3.0
3.0,3.0,3.0
2.30769230769,2.23076923077,1.84615384615
2.0,2.28571428571,2.71428571429
2.2,2.4,2.8
2.8,2.8,3.0
2.4,2.6,2.8
2.38461538462,2.15384615385,2.23076923077
2.2,2.3,2.1
2.6,3.0,2.6
2.33333333333,2.22222222222,2.66666666667
2.66666666667,3.0,2.83333333333
3.0,3.0,3.0
2.4,2.6,2.8
3.0,3.0,3.0
2.1,2.2,2.4
2.5,2.54166666667,2.54166666667
2.8,2.6,2.8
2.875,3.0,2.875
2.8,2.8,3.0
2.2,2.4,2.8
2.2,2.0,1.8
2.8,2.6,2.8
3.0,2.85714285714,2.85714285714
2.55555555556,2.66666666667,2.44444444444
2.71428571429,2.85714285714,2.57142857143
2.8,2.8,3.0
2.33333333333,2.11111111111,2.22222222222
3.0,2.83333333333,3.0
3.0,2.83333333333,2.83333333333
2.71428571429,2.42857142857,2.57142857143
3.0,3.0,3.0
2.5,2.5,2.66666666667
2.63636363636,2.5,2.5
3.0,3.0,2.0
2.8,2.8,3.0
2.84615384615,2.84615384615,2.76923076923
3.0,2.8,2.8
2.2,1.8,1.8
3.0,3.0,3.0
2.0,2.5,2.5
2.92,2.88,2.88
2.8,2.8,3.0
2.6,2.6,3.0
2.5,2.66666666667,2.5
2.88888888889,3.0,3.0
3.0,3.0,3.0
2.61904761905,2.47619047619,2.66666666667
2.0,2.0,3.0
3.0,2.8,3.0
3.0,3.0,3.0
3.0,3.0,3.0
2.25,2.0,1.75
2.77777777778,2.77777777778,2.44444444444
2.8,2.8,2.6
2.8,2.4,2.6
2.57142857143,2.14285714286,2.57142857143
2.4,2.2,2.4
2.4,2.0,2.2
2.33333333333,2.44444444444,2.55555555556
2.4,2.4,2.2
2.33333333333,2.33333333333,2.33333333333
2.8,2.8,2.6
2.6,2.6,3.0
2.5,2.5,2.66666666667
2.44444444444,2.44444444444,3.0
2.71428571429,3.0,2.71428571429
2.5,2.33333333333,2.33333333333
2.6,2.6,2.2
2.71428571429,2.71428571429,3.0
2.53333333333,2.6,2.4
2.71428571429,2.85714285714,2.85714285714
3.0,3.0,3.0
2.8,2.6,3.0
3.0,3.0,3.0
2.71428571429,2.85714285714,2.57142857143
2.6,2.8,3.0
2.66666666667,2.66666666667,2.83333333333
2.6,2.6,3.0
2.71428571429,2.85714285714,2.57142857143
2.42857142857,2.42857142857,2.14285714286
2.2,2.0,2.2
3.0,3.0,3.0
2.0,2.0,2.2
2.77777777778,2.66666666667,2.88888888889
2.6,2.6,3.0
2.71428571429,3.0,2.71428571429
3.0,2.8,2.8
2.6,2.6,3.0
3.0,3.0,3.0
2.83333333333,2.83333333333,3.0
3.0,2.6,2.6
3.0,3.0,3.0
2.4,2.8,2.6
3.0,2.8,2.8
3.0,2.6,2.6
2.2,2.6,2.6
2.2,2.2,2.2
2.77777777778,2.77777777778,3.0
2.75,2.75,3.0
2.8,2.8,3.0
2.88888888889,2.55555555556,2.55555555556
2.88888888889,2.66666666667,2.44444444444
2.6,2.6,3.0
3.0,3.0,3.0
2.83333333333,2.83333333333,3.0
2.5,2.0,2.5
2.8,2.6,2.8
2.4,2.8,2.6
2.63636363636,2.90909090909,2.72727272727
2.38461538462,2.0,2.38461538462
3.0,3.0,3.0
2.6,3.0,2.6
2.6,2.6,3.0
2.8,3.0,2.8
3.0,3.0,3.0
1.92857142857,2.07142857143,2.0
2.42857142857,2.14285714286,2.71428571429
2.72727272727,2.54545454545,2.72727272727
2.8,3.0,2.8
2.4,2.0,2.6
2.8,2.7,2.8
2.22222222222,2.11111111111,2.44444444444
3.0,3.0,3.0
1.72727272727,2.45454545455,1.90909090909
2.83333333333,2.66666666667,2.83333333333
3.0,3.0,3.0
3.0,3.0,3.0
2.6,2.6,3.0
3.0,3.0,3.0
3.0,2.6,2.6
2.4,2.6,2.6
3.0,2.83333333333,2.83333333333
3.0,3.0,3.0
2.72413793103,2.8275862069,2.79310344828
3.0,3.0,3.0
1.8,2.6,2.2
3.0,3.0,3.0
2.7037037037,2.59259259259,2.66666666667
3.0,3.0,3.0
2.4,2.0,2.6
2.2,2.0,2.8
2.8,2.8,3.0
2.6,2.8,2.8
2.36363636364,2.36363636364,2.45454545455
2.6,2.6,3.0
3.0,2.9,2.9
2.81818181818,2.81818181818,2.90909090909
2.14285714286,2.42857142857,2.0
2.75,2.66666666667,2.80555555556
2.6,2.4,2.8
2.66666666667,2.66666666667,3.0
1.5,1.0,1.5
2.38095238095,2.19047619048,2.28571428571
2.8,2.8,3.0
2.0,2.2,2.0
2.66666666667,3.0,2.66666666667
2.6,3.0,2.6
2.42857142857,2.42857142857,2.71428571429
2.33333333333,2.5,2.66666666667
2.6,2.4,2.4
2.5,2.66666666667,2.5
2.0,2.0,2.33333333333
2.57142857143,2.85714285714,2.42857142857
2.44444444444,2.55555555556,2.66666666667
2.46153846154,2.07692307692,2.53846153846
2.0,1.77777777778,1.77777777778
3.0,3.0,3.0
3.0,3.0,3.0
2.8,2.8,3.0
2.71428571429,2.57142857143,2.85714285714
2.0,2.6,2.6
2.6,2.4,2.8
2.21428571429,2.64285714286,2.42857142857
2.5,2.5,3.0
3.0,3.0,3.0
2.0,2.33333333333,2.33333333333
2.14285714286,2.42857142857,2.14285714286
2.77777777778,2.55555555556,2.77777777778
2.83333333333,2.83333333333,3.0
2.8,2.8,3.0
2.6,2.6,2.2
1.6,2.0,2.4
3.0,3.0,3.0
2.71428571429,2.57142857143,3.0
2.9512195122,2.9512195122,2.9512195122
2.66666666667,3.0,2.66666666667
2.8,2.6,2.8
2.4,2.6,3.0
2.22222222222,2.33333333333,2.44444444444
2.6,2.8,2.8
2.4,2.4,2.6
2.44444444444,2.44444444444,2.33333333333
2.83333333333,3.0,3.0
2.4,2.8,2.2
3.0,2.91666666667,2.91666666667
2.42857142857,2.0,2.57142857143
2.2,2.4,2.8
2.71428571429,3.0,2.71428571429
3.0,3.0,3.0
2.8,2.8,3.0
2.2,2.6,3.0
2.8,3.0,2.8
2.71428571429,2.71428571429,3.0
2.8,2.8,2.4
2.83333333333,2.83333333333,2.66666666667
2.6,2.8,2.8
3.0,3.0,3.0
2.5,2.5,2.0
3.0,3.0,3.0
2.6,2.8,2.8
2.28571428571,2.14285714286,2.57142857143
1.83333333333,1.33333333333,1.66666666667
2.5,2.33333333333,2.33333333333
2.14285714286,2.28571428571,2.0
2.4,2.7,2.8
2.61538461538,2.76923076923,2.84615384615
2.75,2.91666666667,2.83333333333
2.6,2.6,3.0
2.58333333333,2.33333333333,2.41666666667
2.2,2.2,2.2
2.42857142857,2.85714285714,2.71428571429
2.85714285714,3.0,2.85714285714
2.66666666667,2.5,2.83333333333
2.57142857143,3.0,2.42857142857
2.42857142857,2.57142857143,2.57142857143
2.8,2.8,3.0
2.0,2.0,1.0
2.2,2.2,2.2
3.0,3.0,3.0
2.71428571429,3.0,2.71428571429
2.6,2.6,3.0
2.8,2.8,3.0
1.5,2.5,3.0
3.0,3.0,3.0
2.85714285714,2.85714285714,3.0
2.6,2.6,3.0
2.71428571429,2.14285714286,2.85714285714
2.7,2.5,2.5
2.42857142857,2.28571428571,2.71428571429
3.0,2.5,2.66666666667
2.66666666667,2.66666666667,2.5
2.4,2.6,2.4
2.5,2.83333333333,2.33333333333
2.55555555556,2.55555555556,2.55555555556
2.85,2.9,2.9
3.0,3.0,3.0
2.6,2.6,3.0
2.6,2.6,3.0
2.6,2.6,2.2
3.0,3.0,3.0
2.0,2.0,3.0
2.6,3.0,2.6
2.88888888889,2.77777777778,2.66666666667
3.0,3.0,3.0
3.0,3.0,3.0
2.6,2.6,3.0
2.85714285714,2.85714285714,2.71428571429
2.75,3.0,3.0
2.0,1.83333333333,1.83333333333
2.2,3.0,2.6
2.66666666667,2.66666666667,3.0
2.8,2.6,3.0
2.33333333333,2.16666666667,2.5
2.8,3.0,2.8
3.0,3.0,3.0
2.0,2.24,2.44
2.77777777778,3.0,2.77777777778
2.6,2.6,3.0
2.5,2.33333333333,2.5
2.48,2.6,2.48
2.6,2.6,2.8
2.0,2.0,2.0
3.0,2.0,2.0
2.48,2.4,2.24
2.6,3.0,2.6
2.55555555556,2.22222222222,2.22222222222
2.66666666667,2.83333333333,2.83333333333
2.6,2.4,2.8
2.8,3.0,2.8
3.0,3.0,3.0
2.81818181818,2.90909090909,2.90909090909
2.8,2.8,3.0
1.71428571429,2.57142857143,2.28571428571
2.16666666667,2.66666666667,2.5
2.44444444444,2.66666666667,2.11111111111
3.0,3.0,3.0
2.8,2.6,2.8
2.8,2.6,2.8
2.33333333333,2.5,2.5
2.84210526316,2.84210526316,3.0
2.71428571429,2.28571428571,2.57142857143
3.0,3.0,3.0
2.6,3.0,2.6
2.11111111111,2.44444444444,2.44444444444
2.83333333333,2.83333333333,3.0
2.4,2.2,3.0
2.6,3.0,2.6
2.65714285714,2.62857142857,2.42857142857
2.85714285714,2.71428571429,3.0
3.0,2.83333333333,2.83333333333
2.33333333333,2.66666666667,3.0
2.0,2.28571428571,2.0
2.28571428571,2.0,2.71428571429
2.76923076923,2.69230769231,2.69230769231
3.0,2.4,2.4
2.4,2.6,2.8
2.73333333333,2.86666666667,2.86666666667
2.83333333333,2.66666666667,2.5
2.0,1.88888888889,2.66666666667
2.77777777778,2.88888888889,2.88888888889
1.6,2.0,2.4
2.4,2.8,2.6
2.6,2.4,2.8
2.81818181818,3.0,2.81818181818
2.6,2.2,2.6
2.0,1.9,1.9
2.85714285714,2.85714285714,2.71428571429
3.0,3.0,3.0
2.0,2.0,2.5
2.8,2.8,3.0
2.5,2.6,2.7
2.6,2.8,2.4
2.83333333333,2.5,2.33333333333
3.0,3.0,3.0
3.0,3.0,3.0
3.0,3.0,3.0
2.2,2.6,2.2
3.0,2.2,2.2
2.14285714286,2.21428571429,2.28571428571
2.6,2.8,2.4
3.0,3.0,1.0
3.0,3.0,3.0
3.0,3.0,3.0
3.0,2.8,2.8
2.8,2.4,2.6
2.8,3.0,2.8
2.54545454545,2.45454545455,1.90909090909
2.71428571429,2.57142857143,2.85714285714
2.0,2.0,1.8
3.0,3.0,3.0
2.42857142857,2.28571428571,2.0
3.0,3.0,3.0
2.8,2.8,3.0
2.85714285714,2.85714285714,3.0
3.0,3.0,3.0
2.8,2.8,3.0
2.6,2.6,3.0
2.22222222222,2.44444444444,2.22222222222
2.6,2.4,2.0
2.48,2.32,2.44
2.4,2.8,2.2
2.6,2.6,3.0
2.83333333333,2.83333333333,3.0
2.57142857143,2.85714285714,2.71428571429
3.0,3.0,3.0
2.22222222222,2.77777777778,2.22222222222
2.71428571429,2.71428571429,2.71428571429
2.77777777778,2.44444444444,2.22222222222
2.83333333333,3.0,2.83333333333
2.75,2.25,2.375
2.9756097561,2.92682926829,2.9512195122
2.57142857143,2.28571428571,2.42857142857
2.8,2.6,2.8
2.83333333333,2.83333333333,3.0
2.6,2.6,3.0
2.8,3.0,2.8
2.8,3.0,2.8
2.56756756757,2.56756756757,2.56756756757
2.4,2.2,3.0
2.22222222222,2.44444444444,2.33333333333
2.85714285714,2.85714285714,3.0
2.88888888889,2.77777777778,2.88888888889
3.0,3.0,3.0
2.8,2.8,3.0
2.88888888889,2.77777777778,2.66666666667
3.0,3.0,3.0
2.71428571429,2.57142857143,2.35714285714
1.88888888889,1.88888888889,2.55555555556
3.0,3.0,3.0
3.0,3.0,3.0
2.66666666667,2.44444444444,2.77777777778
3.0,2.6,2.6
2.22222222222,2.33333333333,2.0
2.4,2.2,2.6
2.85714285714,3.0,2.85714285714
2.71428571429,2.71428571429,3.0
2.875,2.5,2.125
2.55555555556,3.0,2.44444444444
2.66666666667,2.83333333333,2.83333333333
2.66666666667,2.66666666667,3.0
2.2,1.2,1.6
2.14285714286,2.28571428571,2.14285714286
3.0,3.0,3.0
2.4,2.2,2.4
3.0,2.5,2.66666666667
2.57142857143,2.28571428571,2.57142857143
3.0,1.0,1.0
2.6,2.2,2.6
2.42857142857,2.28571428571,2.28571428571
2.33333333333,2.5,2.22222222222
2.6,3.0,2.6
2.89473684211,2.84210526316,2.73684210526
2.8,2.8,3.0
2.2,2.6,2.4
2.42857142857,2.28571428571,2.71428571429
2.4,2.4,2.6
3.0,3.0,3.0
2.71428571429,2.71428571429,2.85714285714
2.8,2.8,3.0
2.33333333333,2.22222222222,2.33333333333
2.6,2.6,2.0
1.85714285714,1.71428571429,1.71428571429
3.0,3.0,3.0
2.8,2.8,3.0
2.6,2.6,3.0
2.0,2.0,2.0
2.2,2.4,2.4
2.25,2.0,2.125
2.6,2.6,3.0
2.45454545455,2.63636363636,2.45454545455
3.0,3.0,3.0
2.4,2.0,1.8
2.5,2.625,2.625
2.45454545455,2.45454545455,2.63636363636
2.42857142857,2.28571428571,2.57142857143
2.4,2.2,2.0
2.6,2.6,2.6
2.66666666667,2.66666666667,2.83333333333
3.0,3.0,3.0
2.8,3.0,2.8
1.88888888889,2.33333333333,2.33333333333
3.0,3.0,3.0
2.69230769231,2.69230769231,2.69230769231
2.84615384615,2.61538461538,2.76923076923
2.78571428571,2.92857142857,2.85714285714
3.0,3.0,3.0
2.16666666667,2.33333333333,2.33333333333
2.4,3.0,2.4
2.6,2.4,2.8
3.0,2.33333333333,2.0
2.77777777778,2.44444444444,2.66666666667
3.0,3.0,3.0
2.90909090909,2.90909090909,3.0
2.57142857143,2.57142857143,3.0
3.0,3.0,3.0
2.6,2.6,2.6
2.0,1.0,3.0
2.53846153846,2.61538461538,2.15384615385
2.71428571429,2.71428571429,2.71428571429
2.34615384615,2.03846153846,2.19230769231
3.0,2.83333333333,2.83333333333
3.0,3.0,3.0
2.6,2.6,3.0
2.77777777778,2.33333333333,2.33333333333
2.57142857143,2.71428571429,2.57142857143
2.66666666667,2.88888888889,2.77777777778
2.6,2.8,2.8
2.83333333333,2.66666666667,2.83333333333
2.8,2.8,2.6
2.0,2.4,2.6
2.0,2.0,2.6
3.0,3.0,3.0
2.6,2.6,3.0
3.0,3.0,3.0
3.0,3.0,3.0
2.6,2.6,3.0
2.28571428571,2.14285714286,1.57142857143
3.0,2.6,2.6
2.2,2.8,2.4
2.8,2.8,3.0
2.6,2.6,3.0
2.44444444444,2.44444444444,2.11111111111
2.8,2.6,3.0
2.6,2.9,2.5
2.71428571429,2.57142857143,2.71428571429
1.85714285714,2.14285714286,1.85714285714
2.36842105263,2.57894736842,2.68421052632
2.66666666667,3.0,3.0
2.42857142857,2.14285714286,2.28571428571
2.30434782609,2.26086956522,2.21739130435
2.83333333333,3.0,2.83333333333
3.0,2.8,2.8
2.65217391304,2.60869565217,2.69565217391
3.0,3.0,3.0
2.8,2.8,3.0
2.8,2.8,3.0
2.88888888889,2.88888888889,3.0
2.81818181818,2.63636363636,2.81818181818
3.0,2.8,2.4
3.0,2.8,2.8
2.83333333333,2.66666666667,2.83333333333
2.8,2.8,3.0
2.2,2.2,1.0
2.85714285714,2.85714285714,3.0
1.83333333333,2.0,2.16666666667
3.0,2.90909090909,2.90909090909
2.72727272727,2.90909090909,2.81818181818
3.0,3.0,3.0
2.6,2.6,3.0
2.6,2.6,3.0
2.2,3.0,2.2
2.18181818182,2.18181818182,2.27272727273
2.8,2.2,2.8
2.94117647059,2.94117647059,3.0
3.0,3.0,3.0
3.0,3.0,3.0
2.71428571429,2.71428571429,3.0
2.83333333333,2.83333333333,3.0
3.0,3.0,2.64285714286
2.85714285714,3.0,2.85714285714
3.0,2.6,2.6
2.8,2.6,2.6
2.8,2.6,2.8
2.6,2.5,2.9
2.57142857143,2.14285714286,2.71428571429
3.0,2.8,2.8
2.0,2.26666666667,2.6
3.0,3.0,3.0
3.0,3.0,3.0
2.28571428571,2.42857142857,2.14285714286
2.2,2.4,2.4
2.86363636364,2.68181818182,2.90909090909
2.4,2.4,2.2
2.0,2.2,2.0
3.0,2.88888888889,2.88888888889
3.0,3.0,3.0
2.88888888889,2.66666666667,2.77777777778
2.2,1.2,2.0
2.8,2.8,3.0
2.54545454545,2.36363636364,2.63636363636
2.8,2.4,2.8
3.0,3.0,3.0
2.33333333333,2.33333333333,2.33333333333
2.0,1.5,2.5
2.81818181818,2.81818181818,3.0
2.4,2.6,2.4
3.0,3.0,3.0
2.66666666667,2.77777777778,2.88888888889
3.0,3.0,3.0
2.85714285714,2.78571428571,2.78571428571
2.77777777778,3.0,2.77777777778
2.83333333333,2.66666666667,2.66666666667
2.44444444444,2.33333333333,2.55555555556
2.69230769231,2.76923076923,2.76923076923
3.0,3.0,3.0
2.4,2.0,2.6
2.71428571429,2.85714285714,2.85714285714
2.8,2.8,3.0
2.8,3.0,2.8
2.66666666667,2.53333333333,2.86666666667
3.0,3.0,3.0
2.8,2.2,2.4
2.8,2.8,3.0
2.89473684211,2.68421052632,2.78947368421
2.6,2.6,3.0
3.0,3.0,3.0
2.33333333333,2.16666666667,2.5
3.0,2.8,2.8
2.2,2.0,2.4
2.66666666667,2.83333333333,2.83333333333
2.91666666667,2.91666666667,3.0
2.86666666667,2.33333333333,2.6
3.0,3.0,2.8
2.92857142857,2.92857142857,3.0
2.71428571429,2.71428571429,3.0
2.6,2.6,3.0
2.625,2.75,2.625
2.0,1.8,2.0
2.5,2.0,2.5
2.2,2.6,2.6
2.6,2.4,2.8
2.8,2.8,3.0
3.0,3.0,2.83333333333
3.0,3.0,3.0
2.18181818182,2.27272727273,2.27272727273
2.2,2.4,2.6
2.83870967742,2.77419354839,2.8064516129
2.66666666667,2.83333333333,2.5
2.8,2.6,2.8
3.0,3.0,3.0
3.0,3.0,3.0
2.4,2.6,2.6
2.0,2.2,2.8
2.6,2.4,2.8
2.5,2.21428571429,2.28571428571
2.8,2.8,3.0
2.8,2.6,2.8
3.0,3.0,3.0
2.4,2.8,2.6
3.0,3.0,3.0
2.6,2.8,2.8
2.66666666667,2.33333333333,2.44444444444
2.4,3.0,2.4
2.42857142857,2.28571428571,2.14285714286
1.93333333333,1.8,2.13333333333
3.0,2.8,2.8
3.0,2.83333333333,2.83333333333
3.0,2.85714285714,2.85714285714
2.16,2.08,2.32
3.0,3.0,3.0
2.8,2.66666666667,2.86666666667
2.8,2.6,2.8
2.42857142857,2.42857142857,3.0
2.42857142857,2.42857142857,2.28571428571
2.4,2.4,2.2
2.6,2.2,2.4
3.0,3.0,3.0
3.0,3.0,2.8
2.5,2.25,2.5
2.8,2.8,3.0
3.0,3.0,3.0
1.92307692308,2.0,2.0
2.88888888889,3.0,2.88888888889
2.6,2.6,3.0
2.8,2.6,2.8
2.8,2.8,3.0
3.0,2.6,2.6
3.0,3.0,3.0
2.57142857143,2.42857142857,2.42857142857
2.8,2.4,2.6
3.0,3.0,2.66666666667
3.0,3.0,2.0
2.83333333333,2.83333333333,3.0
2.90909090909,2.90909090909,2.81818181818
2.16666666667,2.66666666667,2.66666666667
2.71428571429,2.71428571429,3.0
2.45454545455,2.36363636364,2.72727272727
2.2,2.3,2.7
2.45454545455,2.09090909091,2.27272727273
2.0,3.0,3.0
2.90909090909,2.90909090909,3.0
2.33333333333,2.33333333333,3.0
2.6,2.6,2.6
1.6,1.6,1.4
2.28571428571,2.28571428571,2.28571428571
3.0,2.6,2.6
3.0,3.0,3.0
3.0,3.0,3.0
2.8,2.4,2.4
3.0,3.0,3.0
2.76923076923,2.69230769231,2.69230769231
3.0,2.6,2.6
2.8,2.8,2.6
2.45454545455,2.36363636364,2.27272727273
3.0,3.0,3.0
3.0,2.66666666667,2.33333333333
2.2,2.2,3.0
2.25,2.08333333333,2.25
2.90909090909,2.90909090909,3.0
2.66666666667,2.83333333333,3.0
1.8,2.0,2.6
2.42857142857,2.57142857143,2.71428571429
2.66666666667,2.0,2.66666666667
2.8,2.6,2.4
2.8,2.8,3.0
2.83333333333,2.83333333333,3.0
3.0,3.0,3.0
2.8,2.8,3.0
2.85714285714,2.85714285714,3.0
3.0,2.8,2.8
3.0,3.0,3.0
2.71428571429,2.42857142857,2.42857142857
2.68421052632,2.78947368421,2.78947368421
2.88235294118,2.94117647059,2.94117647059
3.0,2.71428571429,2.71428571429
2.8,2.2,2.4
2.57142857143,2.71428571429,2.85714285714
2.53846153846,2.30769230769,2.61538461538
2.4,2.0,2.5
2.5,3.0,2.5
2.0,2.5,2.0
2.6,2.6,2.2
2.16666666667,2.0,2.0
2.6,2.2,2.6
3.0,3.0,3.0
3.0,3.0,3.0
2.375,2.5,3.0
2.2,1.8,2.6
3.0,3.0,3.0
2.57142857143,2.42857142857,2.71428571429
2.5,2.66666666667,2.83333333333
1.8,1.6,1.8
2.8,2.5,2.6
2.2,1.8,1.8
3.0,2.8,2.8
2.14285714286,1.85714285714,1.28571428571
2.85714285714,3.0,3.0
3.0,3.0,3.0
2.6,2.0,2.4
3.0,2.8,2.8
2.71428571429,2.33333333333,2.52380952381
3.0,3.0,3.0
2.2,2.8,2.4
2.83333333333,2.66666666667,2.33333333333
3.0,3.0,3.0
2.0,2.6,2.4
2.8,2.8,3.0
2.4,2.8,2.6
2.8,2.6,2.73333333333
2.8,3.0,2.8
2.8,2.8,3.0
3.0,3.0,2.8
2.66666666667,2.83333333333,2.33333333333
2.8,2.8,3.0
2.71428571429,2.71428571429,3.0
1.8,2.8,2.4
2.6,2.6,3.0
2.8,2.8,2.8
2.83333333333,2.83333333333,3.0
2.66666666667,2.48148148148,2.2962962963
2.33333333333,2.55555555556,2.55555555556
2.90909090909,2.63636363636,2.72727272727
2.4,2.2,2.4
2.6,2.6,3.0
2.3125,2.5,2.5625
2.6,2.6,2.2
2.33333333333,2.33333333333,3.0
2.83333333333,2.66666666667,2.5
2.125,2.125,2.25
2.6,2.6,3.0
2.52631578947,2.47368421053,2.63157894737
2.83333333333,2.83333333333,2.66666666667
2.75,2.875,2.625
2.66666666667,2.66666666667,2.44444444444
2.28571428571,2.14285714286,2.28571428571
2.22857142857,2.2,1.94285714286
2.2,2.4,2.4
2.6,2.6,3.0
2.33333333333,2.33333333333,3.0
2.8,2.6,2.8
3.0,3.0,3.0
2.8,2.8,3.0
3.0,3.0,3.0
2.2,1.4,1.8
2.4,2.4,2.6
3.0,3.0,3.0
1.77777777778,2.11111111111,2.0
2.6,2.6,3.0
3.0,2.71428571429,2.57142857143
2.76923076923,2.76923076923,2.76923076923
2.72727272727,2.90909090909,2.81818181818
2.27272727273,1.72727272727,2.45454545455
2.2,2.6,2.8
2.85714285714,2.85714285714,3.0
2.25,2.5,2.0
2.61111111111,2.33333333333,2.61111111111
3.0,3.0,3.0
2.2,2.8,2.4
3.0,3.0,3.0
2.42857142857,2.28571428571,2.57142857143
1.84615384615,2.42307692308,2.92307692308
2.8,2.8,2.8
2.6,2.6,3.0
2.71428571429,3.0,2.71428571429
2.33333333333,2.33333333333,2.0
3.0,3.0,3.0
2.61538461538,2.76923076923,2.84615384615
3.0,2.91666666667,2.91666666667
2.57142857143,2.42857142857,2.85714285714
2.8,2.8,3.0
2.2,2.6,2.6
2.8,3.0,2.8
3.0,2.4,2.4
2.88888888889,2.66666666667,2.77777777778
3.0,2.6,2.8
2.55555555556,2.88888888889,2.44444444444
2.66666666667,3.0,2.66666666667
3.0,3.0,3.0
2.8,2.8,3.0
2.0,2.0,2.0
2.6,2.6,3.0
2.93333333333,3.0,2.86666666667
1.5,2.5,3.0
2.5,2.83333333333,2.66666666667
2.88888888889,2.77777777778,2.88888888889
2.25,2.0,1.75
2.6,2.6,2.6
3.0,2.8,2.8
2.2,1.8,2.2
2.42857142857,2.71428571429,2.42857142857
2.90909090909,2.90909090909,3.0
2.57142857143,2.71428571429,2.85714285714
3.0,3.0,3.0
2.16666666667,2.5,2.33333333333
2.77777777778,2.55555555556,2.55555555556
3.0,2.66666666667,2.66666666667
1.85714285714,2.0,1.71428571429
3.0,3.0,3.0
2.57142857143,2.42857142857,2.42857142857
2.4,2.2,2.4
2.8,3.0,2.8
2.28571428571,2.57142857143,2.57142857143
1.66666666667,2.0,2.33333333333
2.66666666667,2.66666666667,2.66666666667
2.66666666667,2.66666666667,3.0
2.8,2.8,3.0
2.66666666667,2.55555555556,2.44444444444
2.83333333333,2.83333333333,2.83333333333
2.8,2.8,3.0
3.0,3.0,3.0
2.57142857143,2.14285714286,2.57142857143
2.2380952381,2.33333333333,2.71428571429
3.0,3.0,3.0
2.8,2.4,2.6
2.2,2.2,2.0
2.95833333333,3.0,2.95833333333
2.71428571429,3.0,2.71428571429
2.77777777778,3.0,2.66666666667
2.4,2.6,2.6
2.66666666667,2.66666666667,3.0
2.875,2.875,2.875
2.06666666667,2.06666666667,2.2
2.14285714286,1.85714285714,2.14285714286
3.0,2.6,2.6
2.8,2.66666666667,2.86666666667
3.0,3.0,3.0
3.0,2.8,2.8
2.42857142857,2.28571428571,2.57142857143
2.0,2.1,2.5
2.4,2.4,2.6
3.0,3.0,3.0
2.5,2.5,2.0
2.14285714286,2.28571428571,2.28571428571
2.8,3.0,2.8
2.8,2.8,3.0
2.4,2.6,2.8
3.0,3.0,2.8
3.0,3.0,3.0
2.2,2.4,2.4
2.8,2.4,2.6
1.81818181818,1.90909090909,2.27272727273
2.8,2.8,3.0
3.0,3.0,3.0
2.46153846154,2.84615384615,2.61538461538
3.0,2.8,2.8
2.8,3.0,2.8
2.6,2.6,3.0
2.15789473684,2.15789473684,2.21052631579
2.75,2.58333333333,2.83333333333
2.8,2.8,3.0
2.6,2.6,2.8
2.0,1.8,1.6
1.8,1.6,2.0
3.0,3.0,3.0
2.88888888889,2.88888888889,3.0
3.0,2.8,2.8
3.0,2.6,2.6
2.8,2.4,2.6
2.6,2.6,3.0
3.0,3.0,3.0
2.8,2.8,3.0
2.8,3.0,2.8
2.73684210526,2.78947368421,2.63157894737
2.8,2.8,3.0
2.625,2.5,2.5
2.66666666667,2.875,2.625
2.57142857143,2.71428571429,2.28571428571
2.0,2.2,2.4
3.0,3.0,3.0
2.5,2.33333333333,2.66666666667
2.71428571429,2.14285714286,2.42857142857
2.6,2.6,3.0
2.2,2.4,2.8
2.4,2.4,3.0
3.0,3.0,3.0
3.0,3.0,3.0
2.76923076923,2.61538461538,2.46153846154
2.66666666667,2.33333333333,2.0
3.0,3.0,3.0
3.0,3.0,3.0
2.85714285714,2.71428571429,3.0
2.66666666667,2.66666666667,2.86666666667
2.83333333333,2.66666666667,2.83333333333
3.0,2.75,2.75
3.0,2.88888888889,2.88888888889
3.0,3.0,3.0
2.96666666667,2.96666666667,3.0
2.4,2.4,2.8
2.4,2.2,2.0
2.71428571429,2.71428571429,3.0
2.625,2.625,2.875
2.66666666667,2.5,1.83333333333
2.42857142857,2.71428571429,2.85714285714
2.90909090909,2.72727272727,2.81818181818
3.0,3.0,3.0
2.71428571429,2.57142857143,2.57142857143
2.6,2.6,3.0
1.5,1.5,2.0
2.91666666667,2.58333333333,2.83333333333
2.0,1.85714285714,1.85714285714
3.0,3.0,3.0
3.0,3.0,3.0
2.94444444444,2.83333333333,2.88888888889
2.8,2.8,2.6
2.30769230769,2.23076923077,2.69230769231
2.42857142857,2.42857142857,2.14285714286
3.0,3.0,3.0
2.6,3.0,2.6
2.10526315789,2.10526315789,2.10526315789
2.7,2.7,2.6
2.8,2.8,3.0
2.8,3.0,2.8
2.8,2.8,3.0
2.54545454545,2.45454545455,2.0
2.84615384615,2.84615384615,2.84615384615
2.0,2.4,2.6
3.0,3.0,3.0
2.8,2.2,2.4
3.0,3.0,3.0
2.36363636364,2.45454545455,2.54545454545
2.77777777778,2.77777777778,3.0
1.83333333333,2.66666666667,1.83333333333
2.6,2.6,3.0
2.38888888889,2.5,2.38888888889
2.4,2.8,2.2
2.54545454545,2.0,2.0
3.0,3.0,3.0
2.85714285714,2.85714285714,2.71428571429
2.8,2.8,3.0
3.0,3.0,3.0
3.0,3.0,3.0
2.0,2.5,2.5
2.6,2.6,3.0
2.8,2.8,3.0
2.8,2.8,3.0
3.0,3.0,3.0
3.0,3.0,3.0
2.85714285714,2.85714285714,3.0
2.8064516129,2.58064516129,2.74193548387
2.29411764706,2.76470588235,2.52941176471
2.25,2.5,2.25
2.8,3.0,2.8
2.6,2.6,3.0
2.2,2.2,2.4
2.4,1.6,2.0
2.57142857143,2.71428571429,2.57142857143
3.0,2.71428571429,2.71428571429
1.0,1.0,3.0
2.6,2.6,3.0
2.38461538462,2.38461538462,2.46153846154
2.33333333333,2.22222222222,2.44444444444
3.0,2.83333333333,2.83333333333
2.22222222222,2.55555555556,2.11111111111
2.83333333333,2.66666666667,2.83333333333
2.8,3.0,2.8
2.6,2.6,3.0
3.0,2.4,2.0
2.85714285714,2.28571428571,2.57142857143
2.0,2.6,2.2
3.0,3.0,3.0
2.8,2.0,2.6
2.6,2.6,3.0
2.55555555556,2.33333333333,2.11111111111
2.8,2.8,3.0
2.2,2.4,2.4
3.0,2.2,2.2
3.0,3.0,3.0
2.6,2.6,3.0
3.0,3.0,3.0
2.8,3.0,2.8
2.75,2.75,3.0
2.6,2.4,2.8
2.6,3.0,2.6
2.2,2.0,2.0
3.0,2.77777777778,2.77777777778
3.0,2.71428571429,2.71428571429
2.83333333333,3.0,2.83333333333
2.73684210526,2.63157894737,2.78947368421
1.8,2.2,2.2
2.66666666667,2.5,2.5
2.5,2.66666666667,2.5
2.76923076923,2.76923076923,2.92307692308
2.6,2.2,2.6
2.8,2.4,2.6
2.8,2.6,2.8
2.18181818182,2.27272727273,2.09090909091
2.88888888889,2.88888888889,2.77777777778
3.0,3.0,3.0
2.8,2.8,3.0
2.6,2.4,2.8
2.8,2.8,3.0
2.8,3.0,2.8
2.8,3.0,2.8
2.61538461538,2.38461538462,2.23076923077
3.0,3.0,3.0
2.44444444444,2.11111111111,2.33333333333
2.0,2.4,1.8
2.36363636364,2.36363636364,2.45454545455
3.0,3.0,3.0
2.52941176471,2.35294117647,2.58823529412
2.57142857143,2.57142857143,3.0
2.8,2.8,3.0
2.66666666667,2.66666666667,3.0
2.4,2.6,3.0
2.52631578947,2.15789473684,2.31578947368
1.88888888889,2.44444444444,2.22222222222
3.0,3.0,3.0
2.33333333333,2.66666666667,2.55555555556
2.6,2.6,2.2
2.42857142857,2.21428571429,1.92857142857
2.125,2.0,2.25
2.8,3.0,2.8
3.0,3.0,3.0
2.44444444444,2.55555555556,2.55555555556
2.77777777778,2.88888888889,2.77777777778
2.46153846154,2.4358974359,2.41025641026
2.61538461538,2.53846153846,2.76923076923
1.6,2.4,2.4
3.0,3.0,3.0
2.5,2.36363636364,2.54545454545
2.66666666667,2.66666666667,2.83333333333
2.4,2.8,2.6
2.11111111111,2.22222222222,2.55555555556
2.2,2.2,2.2
2.58333333333,2.58333333333,2.83333333333
3.0,3.0,3.0
2.0,1.6,2.0
2.8,2.6,2.8
3.0,3.0,3.0
2.2,2.6,2.6
2.88888888889,2.77777777778,2.88888888889
2.2,2.0,2.6
2.6,2.2,2.6
2.6,2.6,3.0
2.8,2.8,3.0
2.6,3.0,2.6
2.8,2.8,2.6
2.66666666667,2.33333333333,2.66666666667
2.2,2.0,1.8
2.63636363636,2.36363636364,2.36363636364
3.0,3.0,3.0
2.30769230769,2.53846153846,2.61538461538
2.6,2.7,2.7
2.8,2.8,3.0
2.8,2.8,3.0
2.75,2.5,2.75
2.33333333333,2.44444444444,2.22222222222
2.6,2.8,2.4
2.8,2.8,3.0
2.75,2.625,2.8125
2.71428571429,2.85714285714,2.85714285714
3.0,3.0,3.0
2.2,2.0,2.2
2.61538461538,2.53846153846,2.61538461538
2.83333333333,2.66666666667,2.66666666667
2.71428571429,2.85714285714,2.85714285714
3.0,2.83333333333,2.83333333333
2.625,2.5625,2.6875
2.88888888889,2.88888888889,3.0
2.5,2.66666666667,2.83333333333
2.85714285714,3.0,3.0
2.4,2.2,2.0
2.57142857143,2.42857142857,2.42857142857
2.66666666667,2.66666666667,2.73333333333
1.66666666667,2.22222222222,2.33333333333
2.8,2.4,2.6
3.0,3.0,3.0
3.0,2.2,2.2
2.73913043478,2.65217391304,2.69565217391
2.6,2.2,1.8
2.6,2.6,3.0
2.4,2.6,2.6
2.16666666667,2.16666666667,2.5
2.6,2.2,2.8
2.8,2.8,3.0
2.54545454545,2.90909090909,2.63636363636
2.875,2.875,2.75
2.8,3.0,2.8
2.76923076923,2.76923076923,2.69230769231
3.0,3.0,3.0
2.71428571429,2.71428571429,3.0
2.5,2.66666666667,3.0
2.6,2.0,2.4
3.0,2.63636363636,2.54545454545
2.4,1.8,2.0
2.6,2.8,2.6
2.8,2.4,2.6
2.88888888889,3.0,2.77777777778
2.71428571429,2.57142857143,3.0
2.14285714286,2.28571428571,2.14285714286
3.0,3.0,3.0
3.0,3.0,3.0
2.88888888889,2.77777777778,2.88888888889
3.0,2.8,2.6
2.8,2.8,3.0
3.0,1.0,3.0
2.6,2.6,3.0
2.83333333333,3.0,2.83333333333
2.8,2.8,3.0
3.0,3.0,3.0
2.44444444444,2.77777777778,2.22222222222
2.33333333333,2.66666666667,2.66666666667
2.53846153846,2.53846153846,2.92307692308
1.83333333333,1.5,2.33333333333
2.6,2.6,3.0
2.75,2.5,2.75
2.8,2.6,2.8
2.57142857143,1.85714285714,2.28571428571
2.8,3.0,2.8
2.42857142857,2.0,1.57142857143
2.4,2.6,2.8
2.8,2.8,2.6
3.0,2.83333333333,2.66666666667
2.8,2.8,3.0
2.88888888889,2.55555555556,2.33333333333
3.0,3.0,3.0
1.9375,2.1875,2.1875
1.8,2.2,2.2
2.85714285714,2.85714285714,3.0
3.0,2.66666666667,2.77777777778
3.0,3.0,3.0
3.0,3.0,3.0
2.42857142857,2.57142857143,2.28571428571
2.76470588235,2.94117647059,2.82352941176
3.0,3.0,3.0
2.2,2.8,2.4
2.46666666667,2.33333333333,2.53333333333
2.89473684211,2.78947368421,2.89473684211
3.0,3.0,3.0
2.4,2.2,2.8
3.0,2.8,2.6
2.8,2.6,3.0
2.92307692308,2.61538461538,2.38461538462
2.8,2.8,3.0
3.0,2.83333333333,2.83333333333
3.0,3.0,3.0
2.91666666667,2.91666666667,3.0
2.70588235294,2.70588235294,2.70588235294
3.0,3.0,3.0
2.66666666667,2.66666666667,2.5
3.0,3.0,3.0
1.8,2.2,2.4
2.71428571429,3.0,2.71428571429
2.6,2.6,3.0
2.4,1.8,2.0
2.4,2.2,2.4
2.6,2.6,3.0
2.71428571429,2.57142857143,2.42857142857
3.0,3.0,2.83333333333
2.8,3.0,2.8
1.875,2.25,2.375
2.81818181818,2.90909090909,2.72727272727
3.0,3.0,3.0
2.0,1.8,2.4
2.77777777778,2.66666666667,2.55555555556
2.57142857143,2.42857142857,2.57142857143
2.5,2.5,2.66666666667
2.85714285714,2.71428571429,2.71428571429
2.6,3.0,2.2
1.6,1.6,2.0
2.66666666667,2.83333333333,2.83333333333
2.77777777778,3.0,2.77777777778
3.0,2.5,2.5
2.4,2.2,2.4
2.5,3.0,2.5
2.14285714286,2.57142857143,2.57142857143
3.0,3.0,3.0
2.8,2.84,2.72
3.0,3.0,3.0
2.8,2.8,3.0
2.77777777778,2.88888888889,2.66666666667
2.72727272727,2.54545454545,2.81818181818
2.4,2.2,2.4
2.6,2.4,2.8
2.63636363636,2.63636363636,2.54545454545
2.77777777778,2.62962962963,2.55555555556
2.83333333333,3.0,2.83333333333
3.0,2.8,2.8
2.0,2.0,2.2
3.0,3.0,3.0
2.6,2.6,3.0
2.8,3.0,2.8
2.70833333333,2.79166666667,2.83333333333
2.13043478261,2.26086956522,2.34782608696
3.0,1.0,3.0
2.55555555556,2.66666666667,2.66666666667
2.8,2.8,2.6
2.4,1.8,2.4
2.6,2.6,3.0
2.77777777778,2.44444444444,2.55555555556
2.4,2.6,2.0
2.6,2.4,2.8
2.71428571429,2.85714285714,2.71428571429
3.0,3.0,3.0
2.2,2.4,2.4
2.76923076923,2.84615384615,2.76923076923
2.5,2.5,2.6875
3.0,2.8,2.8
2.0,2.2,2.2
2.2,2.0,2.8
2.29411764706,2.52941176471,2.47058823529
2.8,2.8,3.0
2.41666666667,2.58333333333,2.5
2.44444444444,2.66666666667,2.88888888889
3.0,2.71428571429,2.71428571429
2.85714285714,2.71428571429,2.57142857143
2.85714285714,2.57142857143,2.71428571429
2.4,2.0,2.6
2.83333333333,2.83333333333,3.0
2.33333333333,2.33333333333,2.0
2.825,2.8,2.825
2.4,2.2,2.4
3.0,2.88888888889,2.88888888889
2.6,2.6,3.0
2.85714285714,2.61904761905,2.61904761905
2.4,2.0,2.6
2.8,2.8,3.0
2.66666666667,3.0,2.66666666667
2.6,2.6,2.6
2.875,2.875,3.0
2.8,2.8,3.0
2.87179487179,2.97435897436,2.89743589744
3.0,3.0,3.0
3.0,3.0,3.0
2.28571428571,2.71428571429,2.57142857143
2.6,2.8,2.8
3.0,3.0,3.0
2.3125,2.5,2.1875
2.125,2.375,1.75
2.8,2.6,3.0
2.5,2.83333333333,2.83333333333
3.0,3.0,3.0
2.8,2.6,2.8
2.5,2.875,2.375
2.4,2.8,2.6
2.8,2.8,2.6
2.5,2.5,2.5
2.4,2.6,2.8
2.84615384615,2.84615384615,3.0
3.0,3.0,3.0
3.0,3.0,3.0
3.0,3.0,3.0
2.4,1.6,2.2
2.8,2.7,2.95
2.85714285714,3.0,2.85714285714
2.14285714286,2.57142857143,2.57142857143
2.6,2.6,3.0
3.0,3.0,3.0
2.88888888889,2.44444444444,2.55555555556
2.6,3.0,2.6
2.4,2.53333333333,2.4
2.69230769231,2.61538461538,2.38461538462
2.1875,2.375,2.5
2.42857142857,2.42857142857,2.28571428571
2.8,2.4,2.4
2.6,2.6,3.0
2.88888888889,2.94444444444,2.83333333333
2.6,2.6,2.2
2.11111111111,2.11111111111,2.33333333333
2.8,2.8,3.0
3.0,3.0,3.0
3.0,3.0,3.0
2.625,2.375,2.75
2.75,2.875,2.875
2.7,2.4,2.3
3.0,3.0,3.0
2.75,2.75,2.25
2.6,2.8,2.6
3.0,3.0,3.0
2.66666666667,2.66666666667,2.66666666667
2.5,2.25,1.75
1.4,1.8,1.6
3.0,3.0,3.0
2.5,2.5,2.66666666667
1.8,2.0,2.4
2.77777777778,2.77777777778,3.0
3.0,3.0,3.0
3.0,3.0,3.0
2.8,2.8,3.0
2.85714285714,2.85714285714,3.0
2.14285714286,2.14285714286,2.42857142857
2.83333333333,2.66666666667,2.5
2.66666666667,2.11111111111,2.66666666667
2.77777777778,2.22222222222,2.55555555556
2.83333333333,3.0,2.83333333333
2.6,2.2,2.6
2.4,2.6,2.6
2.85714285714,3.0,3.0
3.0,2.8,2.8
2.33333333333,2.66666666667,2.66666666667
2.85714285714,2.85714285714,2.71428571429
3.0,3.0,3.0
2.54545454545,2.18181818182,2.36363636364
3.0,3.0,3.0
3.0,2.77777777778,2.77777777778
2.6,2.4,2.8
2.2,2.4,2.4
2.8,3.0,2.8
2.6,2.2,2.8
2.6,2.4,2.4
2.42857142857,2.85714285714,2.57142857143
3.0,2.8,2.8
2.83333333333,2.83333333333,2.77777777778
2.6,2.6,2.8
2.8,3.0,3.0
3.0,3.0,2.88888888889
2.8,2.6,2.8
2.8,2.8,3.0
2.28571428571,2.71428571429,2.57142857143
2.0,2.2,2.2
2.28571428571,1.85714285714,2.14285714286
2.54545454545,2.18181818182,2.54545454545
2.83333333333,2.83333333333,3.0
2.55555555556,2.0,2.44444444444
2.6,3.0,2.2
2.66666666667,2.22222222222,2.44444444444
2.83333333333,3.0,2.83333333333
2.4,2.4,2.2
2.54166666667,2.5,2.54166666667
1.8,2.2,1.8
1.81818181818,2.18181818182,2.09090909091
3.0,3.0,3.0
2.6,2.4,2.73333333333
2.7619047619,2.85714285714,2.90476190476
2.6,3.0,2.6
2.33333333333,2.33333333333,2.83333333333
2.8,2.8,3.0
2.6,2.8,2.4
2.2,2.2,2.2
3.0,3.0,3.0
2.6,2.6,3.0
2.8,2.6,2.8
2.44444444444,2.55555555556,2.66666666667
2.8,3.0,2.8
2.42857142857,1.85714285714,1.71428571429
2.4,2.6,2.7
2.57142857143,2.57142857143,3.0
3.0,2.6,2.4
2.85714285714,2.85714285714,2.71428571429
2.8,2.6,2.6
2.6,2.8,2.8
3.0,3.0,3.0
2.57142857143,3.0,2.57142857143
2.66666666667,2.83333333333,2.5
1.6,2.0,1.6
2.6,2.6,3.0
1.8,1.6,1.4
2.6,3.0,2.6
2.4,2.2,1.6
2.6,3.0,2.8
2.2,2.2,2.2
2.6,2.8,2.6
2.4,2.6,2.8
2.8,2.4,2.2
1.88888888889,1.77777777778,2.0
2.4,2.8,2.6
2.25,1.75,2.0
2.6,2.8,2.4
2.77777777778,2.77777777778,3.0
3.0,3.0,3.0
3.0,3.0,3.0
2.77777777778,2.88888888889,2.66666666667
3.0,3.0,3.0
3.0,3.0,3.0
2.42857142857,2.71428571429,2.57142857143
2.77777777778,2.44444444444,2.66666666667
3.0,3.0,3.0
2.6,2.8,2.8
2.6,2.2,2.6
2.6,2.8,2.8
3.0,2.8,2.6
1.86666666667,2.0,2.26666666667
2.44444444444,2.66666666667,2.44444444444
2.83333333333,2.66666666667,2.66666666667
2.6,2.4,2.4
2.8,2.7,2.6
2.8,2.4,2.6
3.0,3.0,3.0
2.18181818182,2.27272727273,2.36363636364
3.0,2.85714285714,3.0
2.6,2.6,3.0
2.6,2.8,2.4
3.0,2.66666666667,2.66666666667
2.66666666667,3.0,2.66666666667
2.6,2.4,2.4
2.90909090909,2.90909090909,3.0
2.57142857143,2.71428571429,2.85714285714
3.0,2.66666666667,2.66666666667
3.0,3.0,3.0
2.6,2.8,2.8
2.8,2.8,3.0
2.6,2.4,1.8
2.71428571429,2.28571428571,2.28571428571
2.4,2.4,3.0
3.0,3.0,3.0
2.28571428571,2.71428571429,2.57142857143
2.46153846154,2.61538461538,2.30769230769
2.8,3.0,2.8
2.58333333333,2.75,2.66666666667
1.66666666667,2.16666666667,2.16666666667
2.53846153846,2.23076923077,2.38461538462
2.8,2.8,3.0
2.35483870968,2.25806451613,2.41935483871
2.6,2.6,2.2
2.6,2.4,2.4
2.71428571429,2.42857142857,2.71428571429
2.6,1.8,2.6
2.1,2.5,2.4
2.8,2.8,3.0
3.0,2.8,2.8
3.0,3.0,3.0
3.0,3.0,3.0
2.94736842105,2.94736842105,2.84210526316
2.8,2.8,3.0
3.0,2.8,2.8
2.66666666667,2.66666666667,3.0
2.42857142857,2.57142857143,2.14285714286
2.8,2.6,2.8
2.0,2.5,2.5
3.0,3.0,3.0
3.0,3.0,3.0
3.0,3.0,3.0
2.6,2.4,2.8
3.0,2.2,1.8
2.6875,2.5625,2.4375
2.8,2.6,2.8
3.0,3.0,3.0
3.0,2.6,2.6
2.6,2.2,2.6
2.2,2.4,2.4
2.8,2.8,3.0
2.44444444444,2.11111111111,2.33333333333
2.6,2.6,2.0
3.0,2.88888888889,2.88888888889
3.0,3.0,3.0
3.0,2.71428571429,2.71428571429
2.36363636364,2.18181818182,2.54545454545
2.17647058824,2.11764705882,2.23529411765
2.6,2.6,2.6
3.0,3.0,3.0
2.72727272727,2.63636363636,2.54545454545
2.8,2.8,3.0
2.85714285714,2.71428571429,2.57142857143
2.5,2.75,2.75
2.42105263158,2.26315789474,2.21052631579
2.66666666667,2.66666666667,2.5
2.6,3.0,2.6
2.11111111111,2.22222222222,2.0
1.0,1.0,1.0
2.7,2.4,2.5
2.66666666667,2.66666666667,2.66666666667
2.65517241379,2.51724137931,2.72413793103
2.83333333333,2.83333333333,3.0
2.6,2.8,2.8
2.6,2.8,2.8
2.57142857143,2.42857142857,2.57142857143
2.8,2.8,2.6
3.0,2.6,3.0
2.2,2.6,2.6
3.0,3.0,3.0
2.46153846154,2.38461538462,2.53846153846
2.57142857143,2.52380952381,2.61904761905
2.6,2.6,2.6
2.66666666667,2.66666666667,3.0
1.5,1.0,1.5
3.0,3.0,3.0
2.85714285714,2.85714285714,3.0
3.0,2.6,2.6
2.8,2.7,2.7
3.0,3.0,3.0
2.2,2.4,2.4
2.75,2.875,3.0
3.0,2.6,2.6
2.4,2.6,2.4
2.6,2.4,2.8
2.5,2.5,2.33333333333
1.85714285714,1.71428571429,2.28571428571
2.8,2.8,3.0
3.0,3.0,3.0
2.8,2.6,2.8
3.0,3.0,3.0
2.75,3.0,2.75
2.8,3.0,2.8
2.8,3.0,2.8
2.46153846154,2.30769230769,2.53846153846
2.4,1.8,2.8
2.6,2.8,2.8
2.6,2.4,2.8
2.6,2.6,3.0
2.6,2.6,3.0
2.8,3.0,2.8
2.2,2.4,2.2
2.4,2.4,2.6
2.66666666667,2.0,2.5
3.0,3.0,2.83333333333
3.0,3.0,3.0
2.85714285714,2.85714285714,2.85714285714
2.47058823529,2.52941176471,2.64705882353
2.71428571429,2.35714285714,2.57142857143
2.76470588235,2.64705882353,2.47058823529
3.0,2.75,2.875
2.875,2.875,3.0
2.8,2.8,3.0
2.8,2.8,3.0
3.0,2.5,2.5
1.8,1.8,2.2
3.0,3.0,3.0
3.0,3.0,3.0
2.5,2.5,2.5
2.55555555556,2.11111111111,2.55555555556
2.6,2.4,2.6
2.83333333333,2.66666666667,2.83333333333
2.57142857143,2.28571428571,2.71428571429
2.5,2.16666666667,2.0
2.22222222222,2.22222222222,2.22222222222
2.88888888889,2.77777777778,3.0
2.6,2.6,3.0
2.125,2.625,2.5
3.0,2.8,2.8
3.0,2.6,2.6
2.36363636364,2.72727272727,1.36363636364
3.0,3.0,3.0
1.33333333333,1.0,2.33333333333
2.57142857143,2.42857142857,2.28571428571
2.0,2.375,2.0
2.71428571429,2.85714285714,3.0
2.4,2.2,2.6
3.0,3.0,3.0
2.35294117647,2.17647058824,2.17647058824
3.0,3.0,2.8
2.42857142857,2.42857142857,3.0
2.75,2.5,2.25
2.66666666667,2.16666666667,3.0
2.42857142857,2.0,2.71428571429
1.81818181818,2.0,2.45454545455
2.76923076923,2.84615384615,2.92307692308
2.8,2.6,2.6
2.2,2.4,2.4
2.8,2.8,2.6
3.0,3.0,3.0
2.4,2.4,2.8
2.4,2.6,2.8
2.6,2.4,2.8
2.71428571429,2.85714285714,2.57142857143
2.8,2.6,2.4
2.6,3.0,2.6
1.8,1.8,2.2
2.71428571429,2.71428571429,2.42857142857
2.55555555556,2.44444444444,2.0
2.8,2.8,3.0
2.4,2.4,2.4
3.0,3.0,3.0
3.0,2.8,2.8
2.2,2.2,3.0
3.0,3.0,3.0
2.6,2.6,3.0
2.8,2.8,3.0
2.28571428571,2.42857142857,2.85714285714
2.57142857143,2.42857142857,2.57142857143
2.5,2.5,2.66666666667
3.0,3.0,3.0
2.4,2.2,2.6
2.8,2.2,2.4
2.85714285714,2.85714285714,3.0
3.0,3.0,3.0
1.77777777778,1.44444444444,2.11111111111
2.0,2.0,1.83333333333
2.8,2.8,3.0
3.0,3.0,3.0
2.4,2.6,2.4
2.6,2.6,3.0
1.8,1.6,2.0
3.0,2.2,2.6
2.90909090909,2.90909090909,2.72727272727
2.5,2.33333333333,2.16666666667
2.6,2.2,2.6
3.0,2.8,3.0
2.6,2.8,2.8
2.38461538462,2.23076923077,2.69230769231
2.8,2.4,2.6
3.0,3.0,3.0
2.23076923077,2.30769230769,2.46153846154
1.125,1.375,2.625
2.8,3.0,2.8
2.57142857143,2.85714285714,2.71428571429
2.8,2.8,3.0
2.6,3.0,2.6
2.8,2.6,2.8
2.2,1.8,2.6
3.0,3.0,3.0
2.75,2.45,2.45
3.0,3.0,3.0
3.0,3.0,3.0
2.6,2.6,3.0
2.6,2.6,3.0
2.6,2.6,3.0
2.66666666667,2.66666666667,2.83333333333
2.42857142857,1.85714285714,2.42857142857
2.84210526316,2.78947368421,2.84210526316
2.8,3.0,2.8
2.66666666667,3.0,2.66666666667
2.66666666667,2.66666666667,2.83333333333
2.14285714286,1.85714285714,2.42857142857
2.28571428571,2.28571428571,2.42857142857
2.85714285714,2.57142857143,2.57142857143
3.0,3.0,3.0
2.6,2.6,3.0
2.85714285714,2.71428571429,2.57142857143
2.8,2.6,2.4
2.5,2.0,2.5
3.0,2.76470588235,2.94117647059
2.9,2.7,2.9
1.8,2.2,2.6
1.8,1.4,2.2
2.8,3.0,2.8
2.35294117647,2.11764705882,2.17647058824
3.0,3.0,3.0
2.625,2.75,2.75
2.2,2.4,2.8
2.41666666667,2.25,2.0
2.65,2.7,2.65
2.66666666667,2.44444444444,2.77777777778
2.35294117647,2.35294117647,2.41176470588
2.6,2.6,2.5
2.8,3.0,2.8
2.6,2.4,2.8
2.76923076923,2.92307692308,2.69230769231
2.8,2.6,2.8
2.71428571429,2.71428571429,2.42857142857
2.8,2.8,3.0
2.80952380952,2.57142857143,2.57142857143
1.8,2.2,2.6
2.8,3.0,2.8
2.83333333333,2.33333333333,2.5
2.55555555556,2.55555555556,2.44444444444
2.6,1.8,2.2
2.84210526316,2.89473684211,2.94736842105
2.2,2.6,2.4
2.6,2.4,3.0
2.66666666667,3.0,2.33333333333
2.75,2.66666666667,2.91666666667
2.6,2.6,3.0
2.63636363636,2.36363636364,2.54545454545
3.0,3.0,3.0
2.4,2.25,2.175
2.375,2.5,2.5
3.0,3.0,3.0
2.8,2.6,2.8
2.66666666667,2.33333333333,2.16666666667
2.66666666667,2.22222222222,2.22222222222
2.71428571429,2.71428571429,2.14285714286
2.6,2.8,2.8
3.0,2.81818181818,2.81818181818
2.83333333333,3.0,3.0
2.71428571429,2.85714285714,2.57142857143
2.0,1.8,1.6
3.0,3.0,3.0
1.8,2.0,1.8
2.52941176471,2.47058823529,2.58823529412
2.8,3.0,2.8
3.0,3.0,3.0
3.0,3.0,2.8
1.4,1.8,1.4
2.45454545455,2.63636363636,2.63636363636
2.55555555556,2.62962962963,2.59259259259
2.6,2.4,2.8
2.2,2.2,2.2
2.6,2.6,3.0
2.6,3.0,2.6
2.66666666667,2.66666666667,3.0
3.0,2.6,2.6
2.28571428571,2.14285714286,2.14285714286
2.66666666667,2.66666666667,2.66666666667
2.90909090909,2.36363636364,2.45454545455
2.6,2.46666666667,2.73333333333
2.88888888889,2.77777777778,3.0
2.4,2.4,2.2
2.8,2.8,3.0
1.5,1.75,1.75
2.4,2.4,3.0
2.8,3.0,2.8
2.4,3.0,2.4
2.4,2.0,2.4
1.6,1.4,2.0
2.2,2.6,3.0
3.0,2.6,2.6
2.75,3.0,2.75
3.0,3.0,3.0
2.83333333333,2.83333333333,3.0
2.0,2.0,2.0
3.0,2.77777777778,2.77777777778
2.14285714286,2.42857142857,2.28571428571
2.9,2.8,2.8
2.8,2.8,3.0
2.72727272727,2.81818181818,3.0
2.6,2.6,2.2
2.83333333333,3.0,2.83333333333
3.0,3.0,2.8
2.8,2.4,2.6
3.0,3.0,3.0
2.6,2.6,2.6
2.8,2.8,3.0
3.0,3.0,3.0
2.42857142857,2.71428571429,2.71428571429
2.8,3.0,2.8
2.77777777778,2.66666666667,2.88888888889
2.6,2.6,3.0
2.875,2.875,3.0
2.6,2.0,2.2
3.0,2.8,2.8
2.6,3.0,2.6
2.6,3.0,2.8
3.0,2.8,2.8
2.33333333333,2.33333333333,2.66666666667
2.18181818182,1.72727272727,2.18181818182
2.625,2.5,2.75
3.0,2.8,3.0
2.6,2.8,2.8
2.6,2.4,2.8
2.6,3.0,2.6
2.8,2.8,3.0
2.6,2.6,3.0
2.77777777778,2.44444444444,2.66666666667
2.6,2.4,2.6
2.11111111111,2.22222222222,1.55555555556
2.0,1.6,1.8
3.0,2.8,2.8
2.6,2.6,3.0
2.6,2.8,2.4
3.0,3.0,3.0
2.5,2.16666666667,2.66666666667
2.33333333333,2.16666666667,1.83333333333
2.46666666667,2.6,2.73333333333
3.0,2.8,2.8
3.0,3.0,3.0
3.0,3.0,3.0
2.4,3.0,2.4
3.0,2.0,2.0
1.85714285714,2.57142857143,2.14285714286
2.6,2.8,2.4
3.0,3.0,3.0
2.6,2.6,3.0
1.5,2.66666666667,2.66666666667
2.42857142857,2.42857142857,2.14285714286
2.8,2.4,2.6
2.42857142857,2.57142857143,2.57142857143
2.72413793103,2.55172413793,2.55172413793
2.42857142857,2.28571428571,2.57142857143
3.0,2.85714285714,2.57142857143
2.81818181818,2.63636363636,2.81818181818
2.8,2.8,3.0
2.4,2.6,2.8
2.85714285714,2.71428571429,2.57142857143
2.5,2.16666666667,2.66666666667
2.8,2.8,3.0
2.71428571429,2.57142857143,2.57142857143
3.0,3.0,3.0
2.4,2.6,2.8
1.2,1.4,1.6
2.4,2.2,2.0
3.0,3.0,3.0
2.72727272727,2.54545454545,2.63636363636
2.55555555556,2.55555555556,3.0
2.8,2.4,2.6
3.0,2.8,2.8
2.2,2.6,2.6
2.6,2.2,3.0
1.8,1.8,1.4
2.84615384615,2.84615384615,3.0
2.33333333333,2.44444444444,2.55555555556
3.0,3.0,3.0
2.45454545455,2.45454545455,2.63636363636
2.6,2.6,3.0
2.66666666667,2.5,2.83333333333
2.2,2.2,3.0
2.4,2.4,2.4
2.66666666667,2.66666666667,3.0
2.4,2.6,3.0
2.88888888889,3.0,2.88888888889
2.16666666667,2.16666666667,2.16666666667
2.8,2.4,2.2
2.83333333333,2.66666666667,2.83333333333
2.52173913043,2.52173913043,2.47826086957
3.0,2.8,2.8
3.0,3.0,2.5
2.0,2.8,2.2
2.42857142857,2.42857142857,2.57142857143
3.0,3.0,3.0
1.9375,2.3125,2.125
3.0,3.0,3.0
2.6,2.6,3.0
2.33333333333,2.33333333333,2.5
2.4,2.8,2.2
2.84615384615,2.65384615385,2.80769230769
3.0,3.0,3.0
2.10526315789,2.31578947368,2.05263157895
2.8,2.8,2.93333333333
2.53846153846,2.30769230769,2.46153846154
2.625,3.0,2.625
2.66666666667,2.66666666667,2.77777777778
3.0,3.0,3.0
2.6,2.4,2.0
2.22222222222,2.55555555556,2.88888888889
3.0,3.0,3.0
3.0,3.0,3.0
2.90909090909,3.0,2.72727272727
2.4,2.0,2.0
1.83333333333,1.66666666667,2.5
2.6,2.6,3.0
2.14285714286,1.85714285714,1.71428571429
3.0,3.0,2.88888888889
2.6,2.6,3.0
2.84615384615,2.76923076923,2.92307692308
2.5,2.375,2.625
2.66666666667,2.66666666667,2.66666666667
2.84615384615,2.92307692308,2.92307692308
2.4,2.6,2.8
2.6,2.6,2.2
3.0,2.6,2.7
2.6,2.6,2.2
2.2,1.4,2.2
3.0,2.8,2.8
2.57142857143,2.71428571429,2.85714285714
3.0,2.66666666667,2.66666666667
2.83333333333,2.5,2.58333333333
1.55555555556,1.88888888889,1.66666666667
3.0,3.0,3.0
2.7,2.7,2.7
3.0,3.0,3.0
2.8,2.6,2.4
2.57142857143,2.42857142857,2.28571428571
2.85714285714,2.57142857143,2.71428571429
2.8,2.6,2.8
2.83333333333,2.83333333333,3.0
3.0,2.6,2.6
2.5,2.55555555556,2.5
2.66666666667,2.66666666667,3.0
2.6,3.0,2.6
2.2,2.6,2.6
2.71428571429,3.0,2.71428571429
2.6,2.6,3.0
2.6,2.0,2.8
2.71428571429,2.57142857143,2.71428571429
3.0,3.0,3.0
2.6,2.6,3.0
2.6,2.6,3.0
1.77777777778,2.22222222222,2.55555555556
2.22222222222,2.44444444444,2.66666666667
2.71428571429,3.0,2.85714285714
1.6,2.0,1.8
2.8,2.8,3.0
2.1,2.2,1.6
2.66666666667,2.44444444444,2.55555555556
2.66666666667,2.33333333333,2.55555555556
3.0,3.0,3.0
2.57142857143,2.57142857143,2.85714285714
2.5,2.5,3.0
3.0,2.71428571429,2.71428571429
3.0,3.0,3.0
2.8,3.0,2.8
2.8,2.8,3.0
2.75,2.75,3.0
2.6,2.4,2.8
2.28571428571,2.57142857143,1.85714285714
2.4,2.6,2.2
1.8,1.2,1.8
3.0,2.6,2.6
2.8,3.0,2.8
2.9,2.8,2.7
2.6,1.4,2.2
2.6,2.4,2.4
3.0,3.0,3.0
2.2,2.0,2.0
2.2,2.2,2.0
2.8,2.6,2.8
2.8,2.8,3.0
2.8,3.0,2.8
2.83333333333,3.0,3.0
3.0,2.5,2.5
2.33333333333,2.16666666667,2.5
2.16666666667,2.33333333333,2.16666666667
2.6,2.6,3.0
2.8,2.8,3.0
1.8,1.6,2.4
2.84615384615,2.84615384615,3.0
2.6,3.0,2.2
2.8,2.8,3.0
2.7,2.8,2.7
2.33333333333,2.16666666667,2.66666666667
2.6,2.8,2.4
2.55555555556,2.22222222222,2.22222222222
3.0,3.0,3.0
2.24,2.12,2.28
3.0,3.0,3.0
3.0,3.0,3.0
2.14285714286,2.42857142857,2.57142857143
3.0,3.0,3.0
2.4,2.2,2.4
2.54545454545,2.18181818182,2.36363636364
2.88888888889,2.77777777778,2.88888888889
2.8,2.8,3.0
2.25,2.0,2.25
2.6,2.4,2.2
3.0,3.0,3.0
3.0,3.0,3.0
2.97142857143,2.85714285714,2.88571428571
2.6,2.8,2.8
2.5,2.4,2.5
3.0,2.92307692308,2.84615384615
2.4,2.8,2.4
3.0,3.0,3.0
2.77777777778,2.44444444444,2.55555555556
3.0,2.9,2.9
2.11111111111,1.77777777778,1.44444444444
3.0,3.0,3.0
2.8,2.6,2.8
3.0,3.0,3.0
2.85714285714,2.57142857143,2.71428571429
2.57142857143,2.14285714286,2.28571428571
3.0,3.0,3.0
2.81818181818,2.63636363636,2.81818181818
3.0,2.8,2.8
3.0,3.0,3.0
2.6,2.4,2.8
3.0,3.0,3.0
2.8,2.8,2.6
3.0,2.71428571429,2.71428571429
2.6,2.6,3.0
2.6,2.4,2.8
2.4,2.8,2.6
2.83333333333,2.83333333333,2.66666666667
2.33333333333,2.0,2.33333333333
2.33333333333,2.0,2.66666666667
2.6,3.0,2.6
2.375,2.0,2.25
1.85714285714,1.71428571429,2.0
2.28571428571,1.85714285714,2.28571428571
3.0,2.93333333333,2.93333333333
2.6,2.6,3.0
2.6,3.0,2.6
3.0,2.66666666667,2.66666666667
3.0,3.0,3.0
3.0,3.0,3.0
2.8,2.8,2.8
2.625,2.66666666667,2.54166666667
2.6,2.6,3.0
2.8,2.8,3.0
2.8,2.2,2.6
3.0,3.0,3.0
2.6,2.6,2.8
2.42857142857,2.71428571429,2.71428571429
2.8,2.8,3.0
2.6,2.6,3.0
2.83333333333,2.83333333333,3.0
1.6,1.6,1.8
2.71428571429,3.0,2.71428571429
2.2,2.2,2.2
2.0,2.0,2.2
2.8,3.0,2.8
2.8,3.0,2.8
2.72727272727,2.81818181818,2.54545454545
3.0,3.0,3.0
2.84,2.92,2.92
2.6,2.4,2.4
2.8,2.8,2.8
1.0,1.0,3.0
2.76923076923,2.84615384615,2.92307692308
2.85714285714,2.85714285714,3.0
2.6,2.8,2.8
2.8,2.6,2.8
2.0,2.4,2.6
2.8,2.4,2.6
2.8,2.8,3.0
2.66666666667,3.0,2.66666666667
2.6,2.8,2.4
3.0,3.0,3.0
2.4,2.6,2.6
2.75,2.75,2.75
2.16666666667,2.33333333333,2.5
2.8,2.6,2.8
2.75,2.75,2.75
2.4,2.6,2.4
2.8,2.8,3.0
3.0,3.0,3.0
2.28571428571,2.28571428571,2.14285714286
2.33333333333,2.46666666667,2.4
2.08333333333,2.33333333333,2.16666666667
3.0,3.0,3.0
2.8,3.0,2.8
3.0,2.8,3.0
2.6,2.2,2.6
2.66666666667,2.83333333333,2.5
2.6,2.6,3.0
3.0,3.0,2.0
2.5,2.5,3.0
2.22222222222,2.44444444444,2.55555555556
2.6,2.8,2.8
2.66666666667,3.0,2.66666666667
3.0,3.0,3.0
2.6,2.0,2.4
2.75,2.75,3.0
2.47058823529,2.29411764706,2.35294117647
3.0,3.0,3.0
2.6,2.4,2.4
2.8,3.0,2.8
3.0,3.0,3.0
2.75,2.41666666667,2.33333333333
2.2,2.6,2.6
2.44444444444,2.66666666667,2.77777777778
2.55555555556,2.22222222222,2.44444444444
3.0,2.8,2.8
2.4,2.4,2.6
2.90909090909,2.90909090909,3.0
3.0,3.0,3.0
3.0,3.0,3.0
3.0,3.0,3.0
2.88888888889,3.0,2.88888888889
3.0,3.0,3.0
3.0,2.66666666667,2.66666666667
1.6,2.4,2.2
2.8,2.8,3.0
2.3,2.3,1.9
2.11111111111,2.55555555556,2.11111111111
3.0,3.0,3.0
2.93333333333,2.8,2.86666666667
2.5,2.75,2.75
2.8,3.0,2.8
2.6,2.7,2.7
2.6,2.4,2.8
2.3125,2.3125,2.0
2.4,2.2,2.4
2.4,2.4,2.6
2.6,2.2,2.6
2.57142857143,2.42857142857,2.42857142857
2.8,2.8,3.0
1.66666666667,2.0,1.66666666667
2.5,2.5,2.0
2.6,2.4,2.8
2.4,2.2,2.6
2.31428571429,2.4,2.51428571429
2.8,3.0,2.8
2.83333333333,2.83333333333,3.0
2.0,2.33333333333,2.66666666667
1.75,1.75,2.25
3.0,3.0,3.0
2.8,2.6,2.8
2.8,2.8,3.0
3.0,2.8,2.8
2.66666666667,2.0,2.33333333333
3.0,2.4,2.4
2.0,2.0,2.6
3.0,2.6,2.6
2.8,2.8,3.0
2.4,1.8,2.4
2.8,3.0,2.8
2.4,2.6,2.6
3.0,3.0,3.0
3.0,3.0,3.0
3.0,2.8,2.8
2.55555555556,2.33333333333,2.88888888889
2.54545454545,2.45454545455,2.36363636364
2.6,2.6,2.4
2.6,3.0,2.6
3.0,3.0,3.0
2.6,2.6,3.0
3.0,3.0,3.0
2.8,2.8,2.6
2.76470588235,2.47058823529,2.58823529412
3.0,2.83333333333,2.83333333333
2.2,2.6,2.6
2.2,2.2,2.2
3.0,3.0,2.83333333333
2.53333333333,2.33333333333,2.4
2.57142857143,2.85714285714,2.28571428571
2.6,2.6,3.0
2.8,2.8,3.0
2.30769230769,2.61538461538,1.92307692308
2.625,2.875,2.75
2.625,2.5,2.875
3.0,3.0,3.0
2.52631578947,2.36842105263,2.42105263158
3.0,3.0,3.0
2.44444444444,2.55555555556,2.44444444444
1.5,1.35714285714,1.5
2.0,1.77777777778,2.33333333333
2.6,2.8,2.8
2.42857142857,2.57142857143,2.57142857143
2.0,1.8,1.6
2.4,1.8,2.0
2.8,2.8,3.0
3.0,2.6,2.6
2.33333333333,2.66666666667,2.22222222222
2.8,3.0,3.0
3.0,3.0,3.0
3.0,3.0,3.0
3.0,3.0,3.0
2.71428571429,2.57142857143,2.85714285714
3.0,3.0,3.0
2.58333333333,2.25,2.33333333333
2.6,2.6,3.0
3.0,3.0,3.0
2.8,2.2,2.2
3.0,2.71428571429,2.71428571429
2.6,3.0,2.6
3.0,3.0,3.0
2.5,2.5,3.0
3.0,3.0,3.0
3.0,2.66666666667,2.83333333333
2.6,2.6,3.0
3.0,3.0,3.0
2.6,2.6,3.0
1.6,1.4,1.4
3.0,3.0,3.0
3.0,2.6,2.6
3.0,2.6,2.6
2.6,3.0,2.4
3.0,3.0,3.0
2.4,2.0,2.3
2.6,2.2,2.6
2.6,2.6,3.0
2.4,3.0,2.4
2.5,2.44444444444,2.66666666667
2.0,2.0,2.33333333333
3.0,3.0,3.0
2.8,2.6,2.8
3.0,3.0,3.0
3.0,3.0,3.0
2.55555555556,2.77777777778,2.33333333333
2.88888888889,2.55555555556,2.66666666667
3.0,2.8,2.8
2.33333333333,2.06666666667,2.13333333333
3.0,3.0,3.0
2.55555555556,2.77777777778,2.33333333333
2.6,3.0,2.6
3.0,2.8,3.0
1.6,2.6,2.2
2.33333333333,1.83333333333,2.16666666667
2.7,2.6,2.5
3.0,3.0,3.0
1.6,1.8,2.0
2.71428571429,2.57142857143,3.0
2.88888888889,2.66666666667,2.77777777778
2.2,2.4,2.8
2.8,2.8,3.0
2.0,2.0,2.07692307692
2.8,3.0,2.8
2.71428571429,2.28571428571,2.71428571429
2.5,1.83333333333,2.33333333333
2.77272727273,2.90909090909,2.90909090909
3.0,3.0,3.0
2.6,2.2,2.6
2.0,2.6,2.0
2.22222222222,2.44444444444,2.33333333333
2.58333333333,2.66666666667,2.54166666667
3.0,2.6,2.6
3.0,2.6,2.6
2.88888888889,2.77777777778,2.88888888889
2.5,2.5,2.0
2.38461538462,2.23076923077,2.38461538462
2.85714285714,3.0,2.85714285714
2.2,1.6,1.8
3.0,3.0,3.0
3.0,3.0,3.0
3.0,3.0,3.0
3.0,3.0,3.0
1.81818181818,2.0,2.0
2.6,2.6,2.6
2.57142857143,3.0,2.57142857143
3.0,3.0,3.0
2.5,2.375,2.375
2.85714285714,2.85714285714,3.0
3.0,3.0,3.0
2.4,2.2,2.4
3.0,3.0,3.0
1.4,2.2,1.8
2.83333333333,2.66666666667,2.83333333333
2.28571428571,2.28571428571,2.85714285714
2.55555555556,2.77777777778,2.77777777778
3.0,3.0,3.0
2.25,2.375,2.625
2.66666666667,2.66666666667,2.33333333333
2.83333333333,3.0,2.83333333333
2.8,2.4,2.6
2.66666666667,2.55555555556,2.77777777778
2.5,2.16666666667,2.5
2.8,2.6,2.4
3.0,2.85714285714,2.85714285714
3.0,3.0,3.0
3.0,2.5,2.5
3.0,2.8,2.8
2.6,2.0,2.4
2.8,3.0,2.8
2.71428571429,2.57142857143,2.85714285714
2.8,2.8,3.0
2.83333333333,3.0,2.83333333333
2.85714285714,2.85714285714,3.0
2.8,2.6,2.8
3.0,2.66666666667,2.5
2.8,3.0,2.8
2.4,2.6,2.4
2.4,2.0,2.6
2.8,2.8,2.8
2.28571428571,2.42857142857,2.85714285714
2.5,3.0,2.5
2.9,2.8,2.9
3.0,3.0,3.0
2.83333333333,2.66666666667,2.83333333333
1.85714285714,2.42857142857,2.42857142857
2.83333333333,2.83333333333,3.0
2.6,2.8,2.4
3.0,2.85714285714,2.85714285714
2.11111111111,1.66666666667,1.77777777778
2.6,2.6,3.0
2.8,2.8,3.0
3.0,3.0,3.0
2.2,2.0,2.0
2.83333333333,2.83333333333,3.0
2.71428571429,2.85714285714,2.57142857143
3.0,3.0,3.0
3.0,3.0,3.0
2.55555555556,2.77777777778,2.77777777778
2.66666666667,2.83333333333,2.66666666667
2.8,2.8,3.0
2.6,2.6,3.0
3.0,2.8,2.8
2.66666666667,2.77777777778,2.44444444444
2.8,2.6,3.0
1.8,2.6,2.2
3.0,3.0,3.0
2.86666666667,2.8,2.8
2.81818181818,2.54545454545,2.72727272727
1.0,1.0,3.0
3.0,3.0,3.0
2.4,2.2,2.4
3.0,3.0,3.0
2.4,2.6,2.2
2.5,2.42857142857,2.42857142857
2.83333333333,3.0,2.83333333333
2.83333333333,3.0,2.83333333333
3.0,2.6,2.6
2.71428571429,2.71428571429,2.85714285714
2.0,1.8,2.2
2.8,2.8,2.8
2.66666666667,2.66666666667,2.75
3.0,3.0,3.0
2.75,2.66666666667,2.75
2.6,2.8,2.8
2.57142857143,2.85714285714,2.42857142857
2.8,2.8,3.0
2.44444444444,2.77777777778,2.44444444444
2.81818181818,2.09090909091,2.27272727273
2.6,2.4,3.0
3.0,3.0,2.8
2.6,2.8,2.2
3.0,3.0,3.0
3.0,3.0,3.0
2.66666666667,2.33333333333,2.66666666667
2.6,2.6,2.2
2.6,2.4,2.8
3.0,2.88888888889,2.88888888889
2.28571428571,2.14285714286,2.57142857143
2.83333333333,2.66666666667,2.5
2.8,2.6,2.8
3.0,3.0,3.0
2.29411764706,2.29411764706,2.41176470588
2.85,2.85,2.8
2.8,2.8,3.0
2.0,1.9,2.0
2.2,2.2,2.2
3.0,3.0,3.0
1.8,2.4,2.2
2.70588235294,2.76470588235,2.82352941176
2.76923076923,2.76923076923,3.0
2.8,2.8,3.0
2.0,1.8,2.4
2.0,1.0,2.0
2.71428571429,2.71428571429,2.42857142857
2.8,2.4,2.6
2.18181818182,2.27272727273,2.18181818182
2.22222222222,2.22222222222,2.44444444444
2.66666666667,2.88888888889,2.22222222222
3.0,3.0,3.0
2.8,2.8,3.0
2.64705882353,2.52941176471,2.70588235294
2.83333333333,3.0,2.83333333333
2.6,2.4,2.0
2.2,2.2,2.6
2.8,2.8,3.0
2.67857142857,2.85714285714,2.75
3.0,2.33333333333,2.33333333333
2.78571428571,2.92857142857,2.92857142857
3.0,3.0,3.0
3.0,2.6,2.6
2.625,2.625,2.75
2.2,1.8,2.6
2.4,2.2,2.8
2.2,2.8,2.4
2.63157894737,2.73684210526,2.89473684211
2.0,2.28571428571,2.42857142857
3.0,3.0,3.0
2.47368421053,2.42105263158,2.52631578947
2.77777777778,2.77777777778,2.55555555556
2.4,3.0,2.4
2.71428571429,3.0,2.71428571429
2.63636363636,2.27272727273,2.18181818182
2.2,2.6,2.6
2.6,2.6,3.0
2.6,2.6,3.0
2.8,2.8,3.0
3.0,2.6,2.6
3.0,3.0,3.0
2.66666666667,2.66666666667,3.0
2.6,2.1,2.4
1.8,2.0,2.4
2.85714285714,2.85714285714,2.71428571429
3.0,2.83333333333,3.0
2.83333333333,2.5,2.66666666667
2.85714285714,2.85714285714,3.0
2.24324324324,2.27027027027,2.43243243243
2.6,1.8,2.2
2.8,2.4,2.6
2.92307692308,2.76923076923,2.76923076923
2.77777777778,2.55555555556,2.77777777778
2.83333333333,3.0,2.83333333333
2.2,1.6,2.0
2.8,3.0,2.8
2.30769230769,2.30769230769,2.38461538462
3.0,2.85714285714,2.85714285714
2.6,2.4,2.8
2.46153846154,2.53846153846,2.69230769231
2.4,2.2,2.8
2.6,2.6,3.0
2.8,2.4,2.6
1.6,2.6,2.2
2.58333333333,2.41666666667,2.66666666667
2.6,2.8,2.2
2.8,2.8,3.0
2.2,2.6,2.6
2.2,1.8,2.6
3.0,3.0,3.0
2.66666666667,2.66666666667,3.0
2.53846153846,2.38461538462,2.38461538462
2.75,3.0,3.0
2.57142857143,2.71428571429,2.28571428571
2.90909090909,2.90909090909,3.0
2.66666666667,2.66666666667,3.0
2.86666666667,2.8,2.66666666667
